Unnamed: 0.1,Unnamed: 0,Time / s,Vo:Measured voltage,IL:Measured current,Vin:Measured voltage,open1_time,open2_time,open3,open4,short1_time,short2_time,short3,short4,OPEN,SHORT
0,0,1.1945959671876518,398.34982,-12.33027,-260.7045,0,0,0,0,0,0,0,0,0,0
1,1,1.1946,397.5493,-16.517761,-325.4769,0,0,0,0,0,0,0,0,0,0
2,2,1.19462,396.85895,-12.242765,-308.78574,0,0,0,0,0,0,0,0,0,0
3,3,1.19464,399.99048,-15.052273,-322.27332,0,0,0,0,0,0,0,0,0,0
4,4,1.19466,397.70074,-12.799695,-288.31326,0,0,0,0,0,0,0,0,0,0
5,5,1.19468,397.27615,-13.041909,-344.11258,0,0,0,0,0,0,0,0,0,0
6,6,1.1947,398.16867,-12.064669,-322.34225,0,0,0,0,0,0,0,0,0,0
7,7,1.19472,399.70593,-11.720432,-281.07016,0,0,0,0,0,0,0,0,0,0
8,8,1.19474,396.58664,-13.360052,-297.3977,0,0,0,0,0,0,0,0,0,0
9,9,1.19476,396.90845,-13.588475,-278.60388,0,0,0,0,0,0,0,0,0,0
10,10,1.19478,397.35693,-11.515623,-294.05435,0,0,0,0,0,0,0,0,0,0
11,11,1.1948,400.01028,-12.298138,-294.30188,0,0,0,0,0,0,0,0,0,0
12,12,1.19482,399.26007,-13.743768,-312.94354,0,0,0,0,0,0,0,0,0,0
13,13,1.19484,400.74957,-14.494688,-277.41574,0,0,0,0,0,0,0,0,0,0
14,14,1.19486,399.47934,-14.349182,-312.16824,0,0,0,0,0,0,0,0,0,0
15,15,1.19488,397.40237,-12.2476015,-267.39255,0,0,0,0,0,0,0,0,0,0
16,16,1.1949,400.31183,-14.3671255,-295.06964,0,0,0,0,0,0,0,0,0,0
17,17,1.19492,400.0329,-11.943182,-325.97293,0,0,0,0,0,0,0,0,0,0
18,18,1.19494,400.888,-15.095394,-321.71927,0,0,0,0,0,0,0,0,0,0
19,19,1.19496,399.39105,-12.868467,-309.48846,0,0,0,0,0,0,0,0,0,0
20,20,1.19498,399.68335,-13.552629,-307.03497,0,0,0,0,0,0,0,0,0,0
21,21,1.1949999999999998,399.38873,-11.139235,-315.10034,0,0,0,0,0,0,0,0,0,0
22,22,1.19502,399.18338,-14.085893,-331.38797,0,0,0,0,0,0,0,0,0,0
23,23,1.19504,401.5073,-13.21219,-303.89755,0,0,0,0,0,0,0,0,0,0
24,24,1.19506,401.63495,-13.031928,-312.71994,0,0,0,0,0,0,0,0,0,0
25,25,1.19508,403.37704,-14.151211,-307.3748,0,0,0,0,0,0,0,0,0,0
26,26,1.1951,402.65207,-12.600713,-296.76746,0,0,0,0,0,0,0,0,0,0
27,27,1.19512,402.3871,-12.415233,-308.30945,0,0,0,0,0,0,0,0,0,0
28,28,1.19514,400.40942,-13.367674,-322.61014,0,0,0,0,0,0,0,0,0,0
29,29,1.19516,403.21637,-13.467385,-288.96198,0,0,0,0,0,0,0,0,0,0
30,30,1.19518,402.46396,-13.797739,-295.23773,0,0,0,0,0,0,0,0,0,0
31,31,1.1952,402.68362,-10.158378,-321.23993,0,0,0,0,0,0,0,0,0,0
32,32,1.19522,402.4352,-10.213067,-324.3675,0,0,0,0,0,0,0,0,0,0
33,33,1.19524,400.00867,-12.451974,-284.8769,0,0,0,0,0,0,0,0,0,0
34,34,1.19526,402.47922,-12.727309,-330.8195,0,0,0,0,0,0,0,0,0,0
35,35,1.19528,403.16934,-12.237641,-310.93585,0,0,0,0,0,0,0,0,0,0
36,36,1.1953,403.28482,-13.98435,-297.69702,0,0,0,0,0,0,0,0,0,0
37,37,1.19532,403.21866,-14.289446,-321.8246,0,0,0,0,0,0,0,0,0,0
38,38,1.1953399999999998,403.58035,-12.934728,-298.12454,0,0,0,0,0,0,0,0,0,0
39,39,1.19536,403.11426,-15.036755,-287.29193,0,0,0,0,0,0,0,0,0,0
40,40,1.19538,402.5049,-13.408306,-375.02747,0,0,0,0,0,0,0,0,0,0
41,41,1.1954,401.90567,-12.569398,-282.01532,0,0,0,0,0,0,0,0,0,0
42,42,1.19542,404.237,-13.036686,-338.1449,0,0,0,0,0,0,0,0,0,0
43,43,1.1954399999999998,403.2215,-13.626245,-335.5995,0,0,0,0,0,0,0,0,0,0
44,44,1.19546,404.81796,-10.602372,-316.1493,0,0,0,0,0,0,0,0,0,0
45,45,1.19548,406.0823,-12.412016,-293.73303,0,0,0,0,0,0,0,0,0,0
46,46,1.1955,404.22607,-11.656168,-284.3499,0,0,0,0,0,0,0,0,0,0
47,47,1.19552,403.46616,-12.818291,-254.10384,0,0,0,0,0,0,0,0,0,0
48,48,1.19554,403.30737,-13.050477,-318.6099,0,0,0,0,0,0,0,0,0,0
49,49,1.19556,404.3575,-12.58817,-317.0502,0,0,0,0,0,0,0,0,0,0
50,50,1.19558,405.76324,-12.098203,-268.4703,0,0,0,0,0,0,0,0,0,0
51,51,1.1956,404.59015,-12.212874,-301.4984,0,0,0,0,0,0,0,0,0,0
52,52,1.19562,404.90558,-13.118685,-330.27457,0,0,0,0,0,0,0,0,0,0
53,53,1.19564,404.30655,-12.706779,-278.04413,0,0,0,0,0,0,0,0,0,0
54,54,1.19566,403.62653,-11.961091,-259.3698,0,0,0,0,0,0,0,0,0,0
55,55,1.19568,405.63147,-14.267073,-312.94943,0,0,0,0,0,0,0,0,0,0
56,56,1.1957,407.3955,-12.88109,-251.1312,0,0,0,0,0,0,0,0,0,0
57,57,1.19572,405.75333,-12.178664,-300.26898,0,0,0,0,0,0,0,0,0,0
58,58,1.19574,406.98068,-14.299725,-345.73453,0,0,0,0,0,0,0,0,0,0
59,59,1.19576,408.10266,-10.633871,-301.1956,0,0,0,0,0,0,0,0,0,0
60,60,1.1957799999999998,405.9047,-13.440482,-312.93555,0,0,0,0,0,0,0,0,0,0
61,61,1.1958,405.06558,-12.101779,-303.95877,0,0,0,0,0,0,0,0,0,0
62,62,1.19582,405.1027,-14.5120125,-299.6231,0,0,0,0,0,0,0,0,0,0
63,63,1.19584,407.55118,-12.400667,-355.95618,0,0,0,0,0,0,0,0,0,0
64,64,1.19586,405.80566,-12.074844,-261.23752,0,0,0,0,0,0,0,0,0,0
65,65,1.19588,404.2405,-14.139649,-282.63528,0,0,0,0,0,0,0,0,0,0
66,66,1.1959,404.8472,-12.984279,-318.52365,0,0,0,0,0,0,0,0,0,0
67,67,1.19592,406.95547,-11.407913,-271.9188,0,0,0,0,0,0,0,0,0,0
68,68,1.19594,407.893,-13.184912,-332.40405,0,0,0,0,0,0,0,0,0,0
69,69,1.19596,407.34872,-11.488667,-258.91788,0,0,0,0,0,0,0,0,0,0
70,70,1.19598,407.5231,-11.597689,-330.90536,0,0,0,0,0,0,0,0,0,0
71,71,1.196,406.09506,-13.623743,-305.3441,0,0,0,0,0,0,0,0,0,0
72,72,1.19602,408.62485,-10.00011,-305.22586,0,0,0,0,0,0,0,0,0,0
73,73,1.19604,406.68933,-13.163718,-249.30084,0,0,0,0,0,0,0,0,0,0
74,74,1.19606,409.12753,-13.2282505,-290.57147,0,0,0,0,0,0,0,0,0,0
75,75,1.19608,407.38336,-11.557444,-301.5515,0,0,0,0,0,0,0,0,0,0
76,76,1.1961,408.47433,-10.776499,-350.1695,0,0,0,0,0,0,0,0,0,0
77,77,1.19612,407.4886,-13.300332,-283.8317,0,0,0,0,0,0,0,0,0,0
78,78,1.19614,408.63593,-12.005961,-284.58054,0,0,0,0,0,0,0,0,0,0
79,79,1.19616,408.0711,-12.424757,-295.0013,0,0,0,0,0,0,0,0,0,0
80,80,1.19618,408.82294,-12.148308,-232.36806,0,0,0,0,0,0,0,0,0,0
81,81,1.1962,408.30652,-11.2939825,-286.87973,0,0,0,0,0,0,0,0,0,0
82,82,1.1962199999999998,409.03574,-10.462974,-296.66974,0,0,0,0,0,0,0,0,0,0
83,83,1.19624,407.02954,-9.71298,-314.52277,0,0,0,0,0,0,0,0,0,0
84,84,1.19626,407.83997,-11.441835,-294.16537,0,0,0,0,0,0,0,0,0,0
85,85,1.19628,406.78882,-11.056381,-309.50497,0,0,0,0,0,0,0,0,0,0
86,86,1.1963,408.09277,-12.403277,-235.42822,0,0,0,0,0,0,0,0,0,0
87,87,1.19632,408.4492,-12.44796,-288.66122,0,0,0,0,0,0,0,0,0,0
88,88,1.19634,408.9648,-12.85027,-254.79163,0,0,0,0,0,0,0,0,0,0
89,89,1.19636,410.20422,-11.567283,-310.6176,0,0,0,0,0,0,0,0,0,0
90,90,1.19638,408.9346,-10.952561,-290.42978,0,0,0,0,0,0,0,0,0,0
91,91,1.1964,410.6767,-12.159624,-274.23755,0,0,0,0,0,0,0,0,0,0
92,92,1.19642,410.55264,-11.942515,-289.54626,0,0,0,0,0,0,0,0,0,0
93,93,1.19644,408.80243,-11.569355,-284.01624,0,0,0,0,0,0,0,0,0,0
94,94,1.19646,410.31656,-12.02045,-319.7304,0,0,0,0,0,0,0,0,0,0
95,95,1.19648,409.4046,-12.1988735,-246.32898,0,0,0,0,0,0,0,0,0,0
96,96,1.1965,410.35538,-13.593537,-265.67963,0,0,0,0,0,0,0,0,0,0
97,97,1.19652,410.12158,-11.508711,-310.69995,0,0,0,0,0,0,0,0,0,0
98,98,1.19654,411.283,-10.156668,-288.27365,0,0,0,0,0,0,0,0,0,0
99,99,1.1965599999999998,411.65787,-11.354084,-292.94943,0,0,0,0,0,0,0,0,0,0
100,100,1.19658,412.0032,-11.042083,-283.9053,0,0,0,0,0,0,0,0,0,0
101,101,1.1966,411.8385,-10.344586,-272.13916,0,0,0,0,0,0,0,0,0,0
102,102,1.19662,410.98572,-11.3306055,-237.06067,0,0,0,0,0,0,0,0,0,0
103,103,1.19664,410.45126,-10.087694,-268.88736,0,0,0,0,0,0,0,0,0,0
104,104,1.1966599999999998,411.20953,-13.228475,-254.94113,0,0,0,0,0,0,0,0,0,0
105,105,1.19668,411.26913,-11.541291,-279.4056,0,0,0,0,0,0,0,0,0,0
106,106,1.1967,411.49405,-9.4276495,-287.0883,0,0,0,0,0,0,0,0,0,0
107,107,1.19672,411.39066,-11.186393,-280.5767,0,0,0,0,0,0,0,0,0,0
108,108,1.19674,412.05087,-11.478691,-287.91824,0,0,0,0,0,0,0,0,0,0
109,109,1.19676,411.08334,-10.312988,-251.76039,0,0,0,0,0,0,0,0,0,0
110,110,1.19678,411.0379,-10.673162,-266.4631,0,0,0,0,0,0,0,0,0,0
111,111,1.1968,410.3181,-9.970796,-219.50989,0,0,0,0,0,0,0,0,0,0
112,112,1.19682,412.40143,-12.371582,-329.03256,0,0,0,0,0,0,0,0,0,0
113,113,1.19684,408.77353,-10.836359,-224.96982,0,0,0,0,0,0,0,0,0,0
114,114,1.19686,411.8706,-10.645524,-244.61682,0,0,0,0,0,0,0,0,0,0
115,115,1.19688,410.94354,-8.749872,-248.49988,0,0,0,0,0,0,0,0,0,0
116,116,1.1969,410.3576,-11.38901,-279.61545,0,0,0,0,0,0,0,0,0,0
117,117,1.19692,410.82886,-9.529458,-241.49619,0,0,0,0,0,0,0,0,0,0
118,118,1.19694,411.9805,-11.79888,-298.13037,0,0,0,0,0,0,0,0,0,0
119,119,1.19696,411.3955,-10.504132,-234.54697,0,0,0,0,0,0,0,0,0,0
120,120,1.19698,411.18192,-10.3161335,-233.74365,0,0,0,0,0,0,0,0,0,0
121,121,1.1969999999999998,410.28754,-10.3828945,-263.37585,0,0,0,0,0,0,0,0,0,0
122,122,1.19702,411.63092,-9.891059,-270.94943,0,0,0,0,0,0,0,0,0,0
123,123,1.19704,409.82596,-11.15755,-225.40048,0,0,0,0,0,0,0,0,0,0
124,124,1.19706,411.57858,-11.274542,-251.85722,0,0,0,0,0,0,0,0,0,0
125,125,1.19708,412.83917,-11.141143,-274.82,0,0,0,0,0,0,0,0,0,0
126,126,1.1971,414.03125,-10.733757,-247.2797,0,0,0,0,0,0,0,0,0,0
127,127,1.19712,412.66617,-10.463932,-259.22015,0,0,0,0,0,0,0,0,0,0
128,128,1.19714,411.77054,-9.355093,-268.473,0,0,0,0,0,0,0,0,0,0
129,129,1.19716,413.9846,-11.197705,-241.77728,0,0,0,0,0,0,0,0,0,0
130,130,1.19718,412.096,-8.549686,-238.20775,0,0,0,0,0,0,0,0,0,0
131,131,1.1972,410.7804,-10.822234,-231.06001,0,0,0,0,0,0,0,0,0,0
132,132,1.19722,409.50824,-9.989534,-254.7986,0,0,0,0,0,0,0,0,0,0
133,133,1.19724,411.24277,-9.298393,-267.55386,0,0,0,0,0,0,0,0,0,0
134,134,1.19726,411.00153,-8.496657,-256.68027,0,0,0,0,0,0,0,0,0,0
135,135,1.19728,412.5831,-11.115503,-296.62982,0,0,0,0,0,0,0,0,0,0
136,136,1.1973,413.7119,-8.851849,-199.28482,0,0,0,0,0,0,0,0,0,0
137,137,1.19732,411.28018,-10.614056,-222.9789,0,0,0,0,0,0,0,0,0,0
138,138,1.1973399999999998,410.3377,-11.135185,-204.32411,0,0,0,0,0,0,0,0,0,0
139,139,1.19736,411.42307,-7.4634256,-254.96982,0,0,0,0,0,0,0,0,0,0
140,140,1.19738,412.673,-7.5579143,-236.87355,0,0,0,0,0,0,0,0,0,0
141,141,1.1974,412.12982,-9.043593,-218.3267,0,0,0,0,0,0,0,0,0,0
142,142,1.19742,410.74597,-9.268409,-241.65224,0,0,0,0,0,0,0,0,0,0
143,143,1.1974399999999998,410.7276,-8.427493,-178.83176,0,0,0,0,0,0,0,0,0,0
144,144,1.19746,411.7619,-9.304941,-175.27649,0,0,0,0,0,0,0,0,0,0
145,145,1.19748,410.78748,-8.899133,-205.21693,0,0,0,0,0,0,0,0,0,0
146,146,1.1975,411.16122,-9.719108,-217.31432,0,0,0,0,0,0,0,0,0,0
147,147,1.19752,412.01266,-11.46668,-192.33444,0,0,0,0,0,0,0,0,0,0
148,148,1.19754,412.31833,-9.789859,-263.08142,0,0,0,0,0,0,0,0,0,0
149,149,1.19756,412.59277,-8.199459,-205.80196,0,0,0,0,0,0,0,0,0,0
150,150,1.19758,412.08502,-9.086112,-200.99715,0,0,0,0,0,0,0,0,0,0
151,151,1.1976,412.5777,-6.8928657,-235.62726,0,0,0,0,0,0,0,0,0,0
152,152,1.19762,412.0425,-6.626028,-213.92635,0,0,0,0,0,0,0,0,0,0
153,153,1.19764,411.88376,-7.0966444,-211.11908,0,0,0,0,0,0,0,0,0,0
154,154,1.19766,412.82617,-9.294242,-198.25793,0,0,0,0,0,0,0,0,0,0
155,155,1.19768,411.64682,-10.032678,-198.73743,0,0,0,0,0,0,0,0,0,0
156,156,1.1977,413.27267,-7.729896,-242.17358,0,0,0,0,0,0,0,0,0,0
157,157,1.19772,408.6798,-7.0670853,-134.11832,0,0,0,0,0,0,0,0,0,0
158,158,1.19774,411.4708,-8.679528,-214.46872,0,0,0,0,0,0,0,0,0,0
159,159,1.19776,411.87918,-6.800812,-199.6603,0,0,0,0,0,0,0,0,0,0
160,160,1.1977799999999998,409.62762,-7.034864,-239.74606,0,0,0,0,0,0,0,0,0,0
161,161,1.1978,410.81592,-8.587795,-193.12782,0,0,0,0,0,0,0,0,0,0
162,162,1.19782,411.31342,-6.4693537,-135.49055,0,0,0,0,0,0,0,0,0,0
163,163,1.19784,408.81476,-7.0532026,-183.58835,0,0,0,0,0,0,0,0,0,0
164,164,1.19786,412.6644,-7.384417,-203.22906,0,0,0,0,0,0,0,0,0,0
165,165,1.19788,412.09897,-7.0614667,-170.90646,0,0,0,0,0,0,0,0,0,0
166,166,1.1979,412.67087,-7.833717,-178.4143,0,0,0,0,0,0,0,0,0,0
167,167,1.19792,411.1272,-6.7069573,-180.29738,0,0,0,0,0,0,0,0,0,0
168,168,1.19794,410.09824,-6.7633195,-201.68999,0,0,0,0,0,0,0,0,0,0
169,169,1.19796,411.09885,-6.0868125,-222.78433,0,0,0,0,0,0,0,0,0,0
170,170,1.19798,410.3564,-8.85627,-157.12894,0,0,0,0,0,0,0,0,0,0
171,171,1.198,409.97208,-6.9168844,-164.79813,0,0,0,0,0,0,0,0,0,0
172,172,1.19802,410.70258,-6.395072,-189.42876,0,0,0,0,0,0,0,0,0,0
173,173,1.19804,410.55136,-7.366593,-144.92557,0,0,0,0,0,0,0,0,0,0
174,174,1.19806,411.72766,-5.2721224,-187.6385,0,0,0,0,0,0,0,0,0,0
175,175,1.19808,412.81442,-8.238437,-177.95148,0,0,0,0,0,0,0,0,0,0
176,176,1.1981,412.17123,-8.0213785,-201.6586,0,0,0,0,0,0,0,0,0,0
177,177,1.19812,412.22134,-6.004767,-181.31381,0,0,0,0,0,0,0,0,0,0
178,178,1.19814,410.40063,-8.77023,-185.33759,0,0,0,0,0,0,0,0,0,0
179,179,1.19816,411.14594,-7.8510404,-165.13991,0,0,0,0,0,0,0,0,0,0
180,180,1.19818,410.65106,-9.030948,-162.95604,0,0,0,0,0,0,0,0,0,0
181,181,1.1982,410.3699,-8.219502,-207.14087,0,0,0,0,0,0,0,0,0,0
182,182,1.1982199999999998,410.7154,-7.3370976,-181.85909,0,0,0,0,0,0,0,0,0,0
183,183,1.19824,408.81552,-8.246067,-132.71477,0,0,0,0,0,0,0,0,0,0
184,184,1.19826,408.90683,-6.116239,-160.98003,0,0,0,0,0,0,0,0,0,0
185,185,1.19828,409.54498,-8.237392,-178.83482,0,0,0,0,0,0,0,0,0,0
186,186,1.1983,409.45508,-6.6073985,-146.55672,0,0,0,0,0,0,0,0,0,0
187,187,1.19832,408.12152,-6.397434,-189.1881,0,0,0,0,0,0,0,0,0,0
188,188,1.19834,410.96573,-6.5905037,-180.26517,0,0,0,0,0,0,0,0,0,0
189,189,1.19836,407.52805,-6.436113,-156.6489,0,0,0,0,0,0,0,0,0,0
190,190,1.19838,409.6417,-6.222781,-105.69804,0,0,0,0,0,0,0,0,0,0
191,191,1.1984,410.5699,-5.700987,-172.19193,0,0,0,0,0,0,0,0,0,0
192,192,1.19842,410.0912,-7.8229957,-159.6462,0,0,0,0,0,0,0,0,0,0
193,193,1.19844,410.03265,-6.6965485,-139.52072,0,0,0,0,0,0,0,0,0,0
194,194,1.19846,409.14163,-5.995574,-132.3928,0,0,0,0,0,0,0,0,0,0
195,195,1.19848,409.69727,-6.119654,-76.77722,0,0,0,0,0,0,0,0,0,0
196,196,1.1985,408.52063,-6.0992403,-109.69661,0,0,0,0,0,0,0,0,0,0
197,197,1.19852,408.8474,-4.7128744,-184.01804,0,0,0,0,0,0,0,0,0,0
198,198,1.19854,407.7205,-6.6162963,-191.87766,0,0,0,0,0,0,0,0,0,0
199,199,1.1985599999999998,409.9955,-7.4738164,-150.46597,0,0,0,0,0,0,0,0,0,0
200,200,1.19858,408.56186,-5.432581,-162.6189,0,0,0,0,0,0,0,0,0,0
201,201,1.1986,408.16098,-5.7626095,-165.94576,0,0,0,0,0,0,0,0,0,0
202,202,1.19862,407.85498,-6.1647487,-183.57861,0,0,0,0,0,0,0,0,0,0
203,203,1.19864,407.56247,-4.667337,-166.05423,0,0,0,0,0,0,0,0,0,0
204,204,1.1986599999999998,409.32376,-6.2044444,-78.10489,0,0,0,0,0,0,0,0,0,0
205,205,1.19868,409.10074,-4.017475,-105.8536,0,0,0,0,0,0,0,0,0,0
206,206,1.1987,406.47708,-6.504253,-143.10768,0,0,0,0,0,0,0,0,0,0
207,207,1.19872,408.02997,-4.994171,-106.3684,0,0,0,0,0,0,0,0,0,0
208,208,1.19874,409.18182,-4.2209325,-130.23593,0,0,0,0,0,0,0,0,0,0
209,209,1.19876,408.20953,-3.7952988,-140.9909,0,0,0,0,0,0,0,0,0,0
210,210,1.19878,407.84445,-6.23246,-127.54395,0,0,0,0,0,0,0,0,0,0
211,211,1.1988,408.97415,-5.851631,-114.3829,0,0,0,0,0,0,0,0,0,0
212,212,1.19882,408.54788,-4.033202,-67.868454,0,0,0,0,0,0,0,0,0,0
213,213,1.19884,407.73404,-3.9834468,-128.90164,0,0,0,0,0,0,0,0,0,0
214,214,1.19886,407.3704,-4.529475,-122.52488,0,0,0,0,0,0,0,0,0,0
215,215,1.19888,407.71234,-5.10585,-74.996765,0,0,0,0,0,0,0,0,0,0
216,216,1.1989,405.60492,-3.7499707,-118.775,0,0,0,0,0,0,0,0,0,0
217,217,1.19892,407.43335,-6.66041,-93.19891,0,0,0,0,0,0,0,0,0,0
218,218,1.19894,407.30783,-3.845474,-75.685165,0,0,0,0,0,0,0,0,0,0
219,219,1.19896,407.79623,-6.300338,-74.278305,0,0,0,0,0,0,0,0,0,0
220,220,1.19898,406.52484,-3.057606,-132.59497,0,0,0,0,0,0,0,0,0,0
221,221,1.1989999999999998,408.93066,-4.131478,-66.60467,0,0,0,0,0,0,0,0,0,0
222,222,1.19902,406.69247,-2.8661149,-66.953415,0,0,0,0,0,0,0,0,0,0
223,223,1.19904,407.23288,-3.6799636,-96.27092,0,0,0,0,0,0,0,0,0,0
224,224,1.19906,404.97357,-4.747319,-96.69579,0,0,0,0,0,0,0,0,0,0
225,225,1.19908,407.7775,-4.8025694,-133.55627,0,0,0,0,0,0,0,0,0,0
226,226,1.1991,406.66702,-2.7425315,-90.42203,0,0,0,0,0,0,0,0,0,0
227,227,1.19912,405.7519,-2.1988914,-67.164474,0,0,0,0,0,0,0,0,0,0
228,228,1.19914,405.41864,-5.197191,-63.03169,0,0,0,0,0,0,0,0,0,0
229,229,1.19916,405.5077,-1.4737172,-101.78705,0,0,0,0,0,0,0,0,0,0
230,230,1.19918,406.09085,-4.1959767,-60.21252,0,0,0,0,0,0,0,0,0,0
231,231,1.1992,405.55792,-2.3951042,-41.01982,0,0,0,0,0,0,0,0,0,0
232,232,1.19922,406.08856,-2.6550734,-33.30181,0,0,0,0,0,0,0,0,0,0
233,233,1.19924,405.4937,-3.0489125,-43.952667,0,0,0,0,0,0,0,0,0,0
234,234,1.19926,405.33752,-0.6698134,-63.5526,0,0,0,0,0,0,0,0,0,0
235,235,1.19928,403.70242,-1.7209903,-16.528961,0,0,0,0,0,0,0,0,0,0
236,236,1.1993,404.7307,-2.153288,-80.188446,0,0,0,0,0,0,0,0,0,0
237,237,1.19932,404.22037,-0.09948087,-46.276756,0,0,0,0,0,0,0,0,0,0
238,238,1.19934,405.30936,-0.86952114,-37.47477,0,0,0,0,0,0,0,0,0,0
239,239,1.19936,403.82266,-2.2054281,-77.05312,0,0,0,0,0,0,0,0,0,0
240,240,1.19938,402.52655,-1.4815143,-82.1517,0,0,0,0,0,0,0,0,0,0
241,241,1.1994,402.55252,-2.083719,-11.240406,0,0,0,0,0,0,0,0,0,0
242,242,1.19942,403.75217,-0.32031798,-73.13365,0,0,0,0,0,0,0,0,0,0
243,243,1.1994399999999998,403.28052,-1.2503792,-27.17277,0,0,0,0,0,0,0,0,0,0
244,244,1.19946,403.85043,-3.2590003,-20.016495,0,0,0,0,0,0,0,0,0,0
245,245,1.19948,403.6844,-4.460536,-82.09659,0,0,0,0,0,0,0,0,0,0
246,246,1.1995,403.17926,-2.4861028,-96.64493,0,0,0,0,0,0,0,0,0,0
247,247,1.19952,401.29184,-0.49191892,-85.27146,0,0,0,0,0,0,0,0,0,0
248,248,1.19954,403.31085,-2.1659472,-53.576504,0,0,0,0,0,0,0,0,0,0
249,249,1.19956,403.35858,-0.627826,-15.975641,0,0,0,0,0,0,0,0,0,0
250,250,1.19958,402.7212,-1.3328369,-71.953415,0,0,0,0,0,0,0,0,0,0
251,251,1.1996,401.1362,-2.7728777,-35.356304,0,0,0,0,0,0,0,0,0,0
252,252,1.19962,402.6764,-0.9294813,-89.62843,0,0,0,0,0,0,0,0,0,0
253,253,1.19964,403.11047,-1.975208,6.9376717,0,0,0,0,0,0,0,0,0,0
254,254,1.19966,402.34897,-0.9796126,-39.06908,0,0,0,0,0,0,0,0,0,0
255,255,1.19968,400.96915,-1.1299478,-62.203247,0,0,0,0,0,0,0,0,0,0
256,256,1.1997,402.47388,-0.5961689,-16.150621,0,0,0,0,0,0,0,0,0,0
257,257,1.19972,401.3245,-3.0604525,28.958477,0,0,0,0,0,0,0,0,0,0
258,258,1.19974,401.80676,-1.5052017,-36.997757,0,0,0,0,0,0,0,0,0,0
259,259,1.19976,401.9094,-0.71629727,-10.6986065,0,0,0,0,0,0,0,0,0,0
260,260,1.1997799999999998,401.68414,1.2393439,-42.637024,0,0,0,0,0,0,0,0,0,0
261,261,1.1998,401.76468,-2.3403888,-66.247826,0,0,0,0,0,0,0,0,0,0
262,262,1.19982,399.65628,-1.3688695,-21.103918,0,0,0,0,0,0,0,0,0,0
263,263,1.19984,400.3405,-2.6618595,-58.82615,0,0,0,0,0,0,0,0,0,0
264,264,1.19986,402.08554,2.2041113,-44.80768,0,0,0,0,0,0,0,0,0,0
265,265,1.1998799999999998,400.24564,-1.717448,-12.635059,0,0,0,0,0,0,0,0,0,0
266,266,1.1999,399.78247,-0.1347768,-25.986374,0,0,0,0,0,0,0,0,0,0
267,267,1.19992,399.13425,0.39831594,12.3021965,0,0,0,0,0,0,0,0,0,0
268,268,1.19994,401.41785,1.3282354,-23.854908,0,0,0,0,0,0,0,0,0,0
269,269,1.19996,401.0177,-0.99394226,-10.358179,0,0,0,0,0,0,0,0,0,0
270,270,1.19998,400.32922,-0.5688519,0.3297031,0,0,0,0,0,0,0,0,0,0
271,271,1.2,400.11887,-0.026822776,38.460915,0,0,0,0,0,0,1,0,0,1
272,272,1.20002,20.458878,3.080235,-20.29549,0,0,0,0,0,0,1,0,0,1
273,273,1.20004,2.534399,2.425543,27.864286,0,0,0,0,0,0,1,0,0,1
274,274,1.20006,-0.7762427,3.2203953,25.152763,0,0,0,0,0,0,1,0,0,1
275,275,1.20008,-0.81893796,5.9218473,19.889618,0,0,0,0,0,0,1,0,0,1
276,276,1.2001,2.121465,7.1227827,58.066742,0,0,0,0,0,0,1,0,0,1
277,277,1.20012,-0.8244986,2.6910248,-19.129147,0,0,0,0,0,0,1,0,0,1
278,278,1.20014,-0.3697103,3.7273762,1.8316221,0,0,0,0,0,0,1,0,0,1
279,279,1.20016,-0.024621053,6.473958,-13.270633,0,0,0,0,0,0,1,0,0,1
280,280,1.20018,0.8576647,7.789434,-37.69039,0,0,0,0,0,0,1,0,0,1
281,281,1.2002,0.8752361,4.7991896,41.0362,0,0,0,0,0,0,1,0,0,1
282,282,1.2002199999999998,0.5990803,7.1886,38.141693,0,0,0,0,0,0,1,0,0,1
283,283,1.20024,0.2513525,9.460463,6.2132683,0,0,0,0,0,0,1,0,0,1
284,284,1.20026,-0.086811475,8.539731,38.998623,0,0,0,0,0,0,1,0,0,1
285,285,1.20028,-2.717974,10.183776,56.413452,0,0,0,0,0,0,1,0,0,1
286,286,1.2003,0.598687,14.534146,80.40801,0,0,0,0,0,0,1,0,0,1
287,287,1.20032,-0.33420604,13.565521,35.14396,0,0,0,0,0,0,1,0,0,1
288,288,1.20034,-0.253468,11.182916,64.87228,0,0,0,0,0,0,1,0,0,1
289,289,1.20036,0.3898355,14.985848,41.605827,0,0,0,0,0,0,1,0,0,1
290,290,1.20038,-0.069809794,15.103647,91.99598,0,0,0,0,0,0,1,0,0,1
291,291,1.2004,1.0688775,18.031698,54.075996,0,0,0,0,0,0,1,0,0,1
292,292,1.20042,1.1670957,18.763285,61.163055,0,0,0,0,0,0,1,0,0,1
293,293,1.20044,-0.3831674,20.925898,53.48445,0,0,0,0,0,0,1,0,0,1
294,294,1.20046,-2.2661998,22.84172,65.85214,0,0,0,0,0,0,1,0,0,1
295,295,1.20048,-0.03179872,23.236017,72.583015,0,0,0,0,0,0,1,0,0,1
296,296,1.2005,1.7174648,25.671503,75.184265,0,0,0,0,0,0,1,0,0,1
297,297,1.20052,-1.2329679,25.823027,7.3571854,0,0,0,0,0,0,1,0,0,1
298,298,1.20054,0.93649256,26.64706,38.28558,0,0,0,0,0,0,1,0,0,1
299,299,1.2005599999999998,-1.7068938,29.834875,75.74588,0,0,0,0,0,0,1,0,0,1
300,300,1.20058,-0.6529144,30.942308,66.12297,0,0,0,0,0,0,1,0,0,1
301,301,1.2006,0.91188735,34.513294,77.077484,0,0,0,0,0,0,1,0,0,1
302,302,1.20062,0.12792566,36.701233,-12.267857,0,0,0,0,0,0,1,0,0,1
303,303,1.20064,0.15614183,36.583138,40.85616,0,0,0,0,0,0,1,0,0,1
304,304,1.2006599999999998,0.7270562,40.974716,109.9343,0,0,0,0,0,0,1,0,0,1
305,305,1.20068,-0.38462308,41.55917,47.727608,0,0,0,0,0,0,1,0,0,1
306,306,1.2007,-0.8761047,43.289425,67.13983,0,0,0,0,0,0,1,0,0,1
307,307,1.20072,-0.80024236,45.340824,64.88803,0,0,0,0,0,0,1,0,0,1
308,308,1.20074,-1.1633517,48.160946,94.70555,0,0,0,0,0,0,1,0,0,1
309,309,1.20076,0.7992938,50.404625,90.19672,0,0,0,0,0,0,1,0,0,1
310,310,1.20078,-1.6627932,53.024017,61.847855,0,0,0,0,0,0,1,0,0,1
311,311,1.2008,0.94653165,55.38024,122.79924,0,0,0,0,0,0,1,0,0,1
312,312,1.20082,1.4939378,56.26273,109.573105,0,0,0,0,0,0,1,0,0,1
313,313,1.20084,-0.22262253,60.725597,24.693161,0,0,0,0,0,0,1,0,0,1
314,314,1.20086,0.63589925,64.95021,84.38581,0,0,0,0,0,0,1,0,0,1
315,315,1.20088,-0.9062581,68.68061,83.7572,0,0,0,0,0,0,1,0,0,1
316,316,1.2009,1.0808074,71.20845,67.73912,0,0,0,0,0,0,1,0,0,1
317,317,1.20092,-2.2278676,71.600395,27.619137,0,0,0,0,0,0,1,0,0,1
318,318,1.20094,1.4071759,74.07812,194.20831,0,0,0,0,0,0,1,0,0,1
319,319,1.20096,0.5873881,77.09481,85.86996,0,0,0,0,0,0,1,0,0,1
320,320,1.20098,-0.4282805,81.763626,44.90628,0,0,0,0,0,0,1,0,0,1
321,321,1.2009999999999998,0.43482918,85.38774,103.96626,0,0,0,0,0,0,1,0,0,1
322,322,1.20102,-0.69956136,88.522156,148.89278,0,0,0,0,0,0,1,0,0,1
323,323,1.20104,-0.6831391,91.162994,85.85058,0,0,0,0,0,0,1,0,0,1
324,324,1.20106,-1.9226544,95.21433,88.24106,0,0,0,0,0,0,1,0,0,1
325,325,1.20108,0.75911283,97.302895,146.82524,0,0,0,0,0,0,1,0,0,1
326,326,1.2011,1.8076414,103.164314,97.89864,0,0,0,0,0,0,1,0,0,1
327,327,1.20112,0.39826548,103.56834,187.07346,0,0,0,0,0,0,1,0,0,1
328,328,1.20114,0.52011794,108.479805,107.83586,0,0,0,0,0,0,1,0,0,1
329,329,1.20116,1.7273515,112.65844,69.15094,0,0,0,0,0,0,1,0,0,1
330,330,1.20118,1.2798442,116.73454,115.94786,0,0,0,0,0,0,1,0,0,1
331,331,1.2012,2.5715165,122.17618,83.610306,0,0,0,0,0,0,1,0,0,1
332,332,1.20122,0.08153897,122.54089,134.36063,0,0,0,0,0,0,1,0,0,1
333,333,1.20124,-0.9157526,129.22725,128.3836,0,0,0,0,0,0,1,0,0,1
334,334,1.20126,-0.31414878,131.03378,143.17932,0,0,0,0,0,0,1,0,0,1
335,335,1.20128,-0.9603865,135.68454,78.93556,0,0,0,0,0,0,1,0,0,1
336,336,1.2013,0.70491016,139.95764,143.41856,0,0,0,0,0,0,1,0,0,1
337,337,1.20132,0.9819516,142.65613,138.59052,0,0,0,0,0,0,1,0,0,1
338,338,1.20134,0.53635335,150.4317,154.89684,0,0,0,0,0,0,1,0,0,1
339,339,1.20136,-0.537609,153.40929,128.80728,0,0,0,0,0,0,1,0,0,1
340,340,1.20138,-0.330979,156.82922,86.77784,0,0,0,0,0,0,1,0,0,1
341,341,1.2014,1.574866,163.15923,67.384735,0,0,0,0,0,0,1,0,0,1
342,342,1.20142,-0.32134244,164.7249,167.53705,0,0,0,0,0,0,1,0,0,1
343,343,1.2014399999999998,1.6572258,171.75075,90.830826,0,0,0,0,0,0,1,0,0,1
344,344,1.20146,0.9238883,173.1635,148.72667,0,0,0,0,0,0,1,0,0,1
345,345,1.20148,-0.14353232,180.23796,106.54469,0,0,0,0,0,0,1,0,0,1
346,346,1.2015,0.28178942,182.63445,160.99239,0,0,0,0,0,0,1,0,0,1
347,347,1.20152,0.31794313,189.4304,179.04309,0,0,0,0,0,0,1,0,0,1
348,348,1.20154,0.34940633,192.04144,163.1165,0,0,0,0,0,0,1,0,0,1
349,349,1.20156,-0.7789287,196.9704,129.83432,0,0,0,0,0,0,1,0,0,1
350,350,1.20158,-1.5053059,206.05157,126.92197,0,0,0,0,0,0,1,0,0,1
351,351,1.2016,-0.29756325,208.32983,104.461266,0,0,0,0,0,0,1,0,0,1
352,352,1.20162,-1.2639688,212.13368,136.90958,0,0,0,0,0,0,1,0,0,1
353,353,1.20164,0.8730102,217.49611,133.35896,0,0,0,0,0,0,1,0,0,1
354,354,1.20166,0.49520156,222.50304,106.96193,0,0,0,0,0,0,1,0,0,1
355,355,1.20168,0.39672118,229.60785,150.56017,0,0,0,0,0,0,1,0,0,1
356,356,1.2017,0.32983148,233.33266,176.98302,0,0,0,0,0,0,1,0,0,1
357,357,1.20172,-0.09348393,240.75958,113.74094,0,0,0,0,0,0,1,0,0,1
358,358,1.20174,-0.43332943,245.10452,167.49889,0,0,0,0,0,0,1,0,0,1
359,359,1.20176,1.2069653,250.27142,150.57507,0,0,0,0,0,0,1,0,0,1
360,360,1.2017799999999998,1.6390473,254.4294,175.51598,0,0,0,0,0,0,1,0,0,1
361,361,1.2018,0.97559106,260.90933,144.45604,0,0,0,0,0,0,1,0,0,1
362,362,1.20182,0.2526038,266.55487,174.17393,0,0,0,0,0,0,1,0,0,1
363,363,1.20184,-2.186753,271.76306,155.94305,0,0,0,0,0,0,1,0,0,1
364,364,1.20186,0.6661081,278.92474,168.99161,0,0,0,0,0,0,1,0,0,1
365,365,1.2018799999999998,-0.41725013,282.9629,200.5769,0,0,0,0,0,0,1,0,0,1
366,366,1.2019,0.2688462,290.59848,194.32414,0,0,0,0,0,0,1,0,0,1
367,367,1.20192,0.50536186,293.12463,198.50237,0,0,0,0,0,0,1,0,0,1
368,368,1.20194,-0.6588319,300.59457,158.22046,0,0,0,0,0,0,1,0,0,1
369,369,1.20196,-2.096691,307.59195,203.99226,0,0,0,0,0,0,1,0,0,1
370,370,1.20198,-2.1993241,313.3528,208.82127,0,0,0,0,0,0,1,0,0,1
371,371,1.202,-1.2858435,319.45578,165.64252,0,0,0,0,0,0,1,0,0,1
372,372,1.20202,0.36986035,326.74603,213.55946,0,0,0,0,0,0,1,0,0,1
373,373,1.20204,-1.5913125,331.943,221.13239,0,0,0,0,0,0,1,0,0,1
374,374,1.20206,0.95668167,334.61877,182.99988,0,0,0,0,0,0,1,0,0,1
375,375,1.20208,-0.5195183,342.4763,177.25273,0,0,0,0,0,0,1,0,0,1
376,376,1.2021,0.9206795,352.3471,207.87035,0,0,0,0,0,0,1,0,0,1
377,377,1.20212,0.45689592,357.0333,232.90343,0,0,0,0,0,0,1,0,0,1
378,378,1.20214,-0.8361801,362.29996,179.8058,0,0,0,0,0,0,1,0,0,1
379,379,1.20216,-2.1220367,370.17007,182.27068,0,0,0,0,0,0,1,0,0,1
380,380,1.20218,-1.2012538,374.64426,130.43039,0,0,0,0,0,0,1,0,0,1
381,381,1.2022,-2.3697793,384.0855,203.49722,0,0,0,0,0,0,1,0,0,1
382,382,1.2022199999999998,1.7599525,388.35724,168.97238,0,0,0,0,0,0,1,0,0,1
383,383,1.20224,-1.6801958,395.6156,174.1829,0,0,0,0,0,0,1,0,0,1
384,384,1.20226,-0.085725434,402.07666,249.90497,0,0,0,0,0,0,1,0,0,1
385,385,1.20228,0.79252726,409.2808,149.3982,0,0,0,0,0,0,1,0,0,1
386,386,1.2023,0.2387694,414.33392,158.14064,0,0,0,0,0,0,1,0,0,1
387,387,1.20232,1.4106877,423.59116,212.86551,0,0,0,0,0,0,1,0,0,1
388,388,1.20234,0.27425784,431.20078,229.60825,0,0,0,0,0,0,1,0,0,1
389,389,1.20236,-0.9264314,435.82233,151.5991,0,0,0,0,0,0,1,0,0,1
390,390,1.20238,-1.0119563,444.62668,241.53262,0,0,0,0,0,0,1,0,0,1
391,391,1.2024,0.4783059,451.79944,182.74124,0,0,0,0,0,0,1,0,0,1
392,392,1.20242,0.29649082,459.19766,239.28967,0,0,0,0,0,0,1,0,0,1
393,393,1.20244,-0.59531975,467.47244,219.84518,0,0,0,0,0,0,1,0,0,1
394,394,1.20246,-0.49598953,473.90643,235.0033,0,0,0,0,0,0,1,0,0,1
395,395,1.20248,0.088376224,479.1728,256.43146,0,0,0,0,0,0,1,0,0,1
396,396,1.2025,0.31143588,487.7513,184.54929,0,0,0,0,0,0,1,0,0,1
397,397,1.20252,-0.21505228,497.08527,227.27115,0,0,0,0,0,0,1,0,0,1
398,398,1.20254,0.8179798,499.65186,236.71628,0,0,0,0,0,0,1,0,0,1
399,399,1.20256,-0.34094197,509.9107,211.77289,0,0,0,0,0,0,1,0,0,1
400,400,1.20258,1.3202769,516.81464,209.1758,0,0,0,0,0,0,1,0,0,1
401,401,1.2025959671876516,0.8862884,518.2757,199.90845,0,0,0,0,0,0,1,0,0,1
