,Unnamed: 0,Time / s,Vo:Measured voltage,IL:Measured current,Vin:Measured voltage,open1_time,open2_time,open3,open4,short1_time,short2_time,short3,short4,OPEN,SHORT
0,0,1.1327094651659586,387.8454604847496,-9.612255647593845,-233.37979455067543,0,0,0,0,0,0,0,0,0,0
1,1,1.13272,387.8741106606978,-9.6546169493939,-234.6679570566404,0,0,0,0,0,0,0,0,0,0
2,2,1.13274,387.9039066419768,-9.739171181683748,-235.9468552734767,0,0,0,0,0,0,0,0,0,0
3,3,1.13276,387.9356118569476,-9.865572527453711,-237.2164387124841,0,0,0,0,0,0,0,0,0,0
4,4,1.13278,387.9715552543633,-9.904159242067635,-238.4766572526592,0,0,0,0,0,0,0,0,0,0
5,5,1.1328,388.0098969227319,-9.919194620192831,-239.7274611427548,0,0,0,0,0,0,0,0,0,0
6,6,1.13282,388.0495953004488,-9.910306691117102,-240.96880100315232,0,0,0,0,0,0,0,0,0,0
7,7,1.1328399999999998,388.08949398182034,-9.941815799339382,-242.20062782789103,0,0,0,0,0,0,0,0,0,0
8,8,1.13286,388.13034858417103,-10.013386976524094,-243.4228929865681,0,0,0,0,0,0,0,0,0,0
9,9,1.13288,388.17290798538977,-10.124668136121564,-244.6355482262257,0,0,0,0,0,0,0,0,0,0
10,10,1.1329,388.2190348602375,-10.210600228858794,-245.8385456733336,0,0,0,0,0,0,0,0,0,0
11,11,1.13292,388.2689985019605,-10.206082139688853,-247.03183783559027,0,0,0,0,0,0,0,0,0,0
12,12,1.13294,388.3199482523798,-10.175409350625714,-248.21537760388628,0,0,0,0,0,0,0,0,0,0
13,13,1.13296,388.370657033119,-10.182943126779715,-249.38911825407652,0,0,0,0,0,0,0,0,0,0
14,14,1.13298,388.4218625355432,-10.228348751881112,-250.55301344890088,0,0,0,0,0,0,0,0,0,0
15,15,1.133,388.4742955146685,-10.311274348738191,-251.70701723978016,0,0,0,0,0,0,0,0,0,0
16,16,1.13302,388.52867946064,-10.431351045758737,-252.85108406859987,0,0,0,0,0,0,0,0,0,0
17,17,1.13304,388.5868906168413,-10.523442353866423,-253.9851687695813,0,0,0,0,0,0,0,0,0,0
18,18,1.13306,388.6477636584745,-10.587122120084596,-255.1092265709817,0,0,0,0,0,0,0,0,0,0
19,19,1.13308,388.712362926198,-10.557216226986563,-256.22321309693405,0,0,0,0,0,0,0,0,0,0
20,20,1.1331,388.77669760031125,-10.562859232338836,-257.3270843691679,0,0,0,0,0,0,0,0,0,0
21,21,1.13312,388.84147519673553,-10.603707248611752,-258.4207968087153,0,0,0,0,0,0,0,0,0,0
22,22,1.13314,388.90739591773496,-10.679399496740707,-259.50430723770194,0,0,0,0,0,0,0,0,0,0
23,23,1.13316,388.9751523187069,-10.789558485999864,-260.5775728809716,0,0,0,0,0,0,0,0,0,0
24,24,1.13318,389.0466350132499,-10.868963356995623,-261.6405513678442,0,0,0,0,0,0,0,0,0,0
25,25,1.1332,389.1205825275951,-10.917174425373764,-262.6932007337588,0,0,0,0,0,0,0,0,0,0
26,26,1.13322,389.1972514383398,-10.933779178269312,-263.7354794219017,0,0,0,0,0,0,0,0,0,0
27,27,1.13324,389.27533095122,-10.918352863199392,-264.7673462849232,0,0,0,0,0,0,0,0,0,0
28,28,1.13326,389.3533996329541,-10.935379579823502,-265.78876058644886,0,0,0,0,0,0,0,0,0,0
29,29,1.1332799999999998,389.4321223943072,-10.984499488249492,-266.79968200280103,0,0,0,0,0,0,0,0,0,0
30,30,1.1333,389.51215631263415,-11.065336467453454,-267.8000706245691,0,0,0,0,0,0,0,0,0,0
31,31,1.13332,389.5953878257662,-11.112580421044,-268.789886958078,0,0,0,0,0,0,0,0,0,0
32,32,1.13334,389.68045013916185,-11.1257892867996,-269.7690919271008,0,0,0,0,0,0,0,0,0,0
33,33,1.13336,389.7660765537357,-11.169496340755412,-270.737646874284,0,0,0,0,0,0,0,0,0,0
34,34,1.13338,389.8529004813223,-11.24332253684716,-271.69551356275446,0,0,0,0,0,0,0,0,0,0
35,35,1.1334,389.94301695338487,-11.28189911567304,-272.64265417755814,0,0,0,0,0,0,0,0,0,0
36,36,1.13342,390.03500259817145,-11.28477174038442,-273.5790313272139,0,0,0,0,0,0,0,0,0,0
37,37,1.13344,390.12732264969287,-11.316526318346137,-274.50460804516365,0,0,0,0,0,0,0,0,0,0
38,38,1.13346,390.22058551056256,-11.376784437932344,-275.4193477912066,0,0,0,0,0,0,0,0,0,0
39,39,1.13348,390.3153911652191,-11.465152416770309,-276.32321445300045,0,0,0,0,0,0,0,0,0,0
40,40,1.1335,390.4142053251936,-11.451114459305703,-277.21617234742064,0,0,0,0,0,0,0,0,0,0
41,41,1.13352,390.5129744330224,-11.464322639026172,-278.0981862220268,0,0,0,0,0,0,0,0,0,0
42,42,1.13354,390.6122805970613,-11.504403118891716,-278.96922125642914,0,0,0,0,0,0,0,0,0,0
43,43,1.13356,390.7126975040391,-11.570967267725225,-279.8292430636403,0,0,0,0,0,0,0,0,0,0
44,44,1.13358,390.8162937380595,-11.598492741735788,-280.6782176914874,0,0,0,0,0,0,0,0,0,0
45,45,1.1336,390.9215183973543,-11.586512446574954,-281.51611162389054,0,0,0,0,0,0,0,0,0,0
46,46,1.13362,391.02671879115314,-11.599752804193242,-282.34289178223963,0,0,0,0,0,0,0,0,0,0
47,47,1.13364,391.132440965575,-11.637834486018097,-283.15852552667707,0,0,0,0,0,0,0,0,0,0
48,48,1.13366,391.23922233158015,-11.70036411678078,-283.9629806573644,0,0,0,0,0,0,0,0,0,0
49,49,1.13368,391.3475913642882,-11.786934501368266,-284.7562254158051,0,0,0,0,0,0,0,0,0,0
50,50,1.1337,391.4600030781514,-11.766670484067935,-285.53822848604,0,0,0,0,0,0,0,0,0,0
51,51,1.1337199999999998,391.5721812283281,-11.769554797498952,-286.30895899593406,0,0,0,0,0,0,0,0,0,0
52,52,1.13374,391.68463370258087,-11.795208600937816,-287.0683865183734,0,0,0,0,0,0,0,0,0,0
53,53,1.13376,391.797859670798,-11.843239828427183,-287.816481072446,0,0,0,0,0,0,0,0,0,0
54,54,1.13378,391.9123492983405,-11.913243420483091,-288.55321312467987,0,0,0,0,0,0,0,0,0,0
55,55,1.1338,392.0285834647014,-12.004801562730623,-289.278553590122,0,0,0,0,0,0,0,0,0,0
56,56,1.13382,392.14940503197806,-11.986800925036803,-289.99247383361205,0,0,0,0,0,0,0,0,0,0
57,57,1.13384,392.27001015975816,-11.989430963649683,-290.694945670769,0,0,0,0,0,0,0,0,0,0
58,58,1.13386,392.39085717044566,-12.012307497527289,-291.38594136922035,0,0,0,0,0,0,0,0,0,0
59,59,1.13388,392.5123954636461,-12.055034266794683,-292.06543364964534,0,0,0,0,0,0,0,0,0,0
60,60,1.1339,392.63506525140747,-12.117203172272802,-292.73339568683974,0,0,0,0,0,0,0,0,0,0
61,61,1.13392,392.7599303899972,-12.132951593704307,-293.3898011108184,0,0,0,0,0,0,0,0,0,0
62,62,1.13394,392.88668114561824,-12.101813925355929,-294.03462400780705,0,0,0,0,0,0,0,0,0,0
63,63,1.13396,393.0128835706444,-12.088817773951629,-294.66783892130786,0,0,0,0,0,0,0,0,0,0
64,64,1.13398,393.1389457947317,-12.093582880436507,-295.2894208530859,0,0,0,0,0,0,0,0,0,0
65,65,1.134,393.2652670282042,-12.115718100016672,-295.8993452641396,0,0,0,0,0,0,0,0,0,0
66,66,1.13402,393.39223732081615,-12.154821644391465,-296.49758807570845,0,0,0,0,0,0,0,0,0,0
67,67,1.13404,393.5202373261745,-12.21048132995741,-297.08412567018,0,0,0,0,0,0,0,0,0,0
68,68,1.1340599999999998,393.6496380719651,-12.28227483183998,-297.6589348920596,0,0,0,0,0,0,0,0,0,0
69,69,1.13408,393.78080073609806,-12.369769943605386,-298.22199304886857,0,0,0,0,0,0,0,0,0,0
70,70,1.1341,393.9140764289012,-12.472524842501471,-298.77327791202475,0,0,0,0,0,0,0,0,0,0
71,71,1.13412,394.05226412717394,-12.458772711724446,-299.31276771775566,0,0,0,0,0,0,0,0,0,0
72,72,1.13414,394.19024872405424,-12.459309765149785,-299.84044116791785,0,0,0,0,0,0,0,0,0,0
73,73,1.13416,394.32835478074895,-12.473741662311255,-300.35627743087645,0,0,0,0,0,0,0,0,0,0
74,74,1.13418,394.46689755412746,-12.50166530325864,-300.8602561422898,0,0,0,0,0,0,0,0,0,0
75,75,1.1342,394.60684247921927,-12.476919148693575,-301.352357405946,0,0,0,0,0,0,0,0,0,0
76,76,1.13422,394.7470693929613,-12.464816671948892,-301.83256179453406,0,0,0,0,0,0,0,0,0,0
77,77,1.13424,394.887106261518,-12.464950202110746,-302.3008503503984,0,0,0,0,0,0,0,0,0,0
78,78,1.13426,395.0272321420664,-12.47692255989656,-302.75720458631696,0,0,0,0,0,0,0,0,0,0
79,79,1.13428,395.16695172785774,-12.500330076188034,-303.20160648619776,0,0,0,0,0,0,0,0,0,0
80,80,1.1343,395.308704589417,-12.468911209104997,-303.6340385058188,0,0,0,0,0,0,0,0,0,0
81,81,1.13432,395.4483840041922,-12.513971181857851,-304.0544835735083,0,0,0,0,0,0,0,0,0,0
82,82,1.13434,395.5905931587325,-12.50335175189526,-304.4629250908073,0,0,0,0,0,0,0,0,0,0
83,83,1.13436,395.732615636571,-12.502500062558738,-304.8593469331548,0,0,0,0,0,0,0,0,0,0
84,84,1.13438,395.8746747211508,-12.511016367402226,-305.2437334504776,0,0,0,0,0,0,0,0,0,0
85,85,1.1344,396.01698421411953,-12.528494827555058,-305.6160694678684,0,0,0,0,0,0,0,0,0,0
86,86,1.13442,396.15974829983656,-12.554523773144954,-305.97634028614164,0,0,0,0,0,0,0,0,0,0
87,87,1.13444,396.3031614160664,-12.588685968118964,-306.32453168240926,0,0,0,0,0,0,0,0,0,0
88,88,1.13446,396.44740813093534,-12.63055887830161,-306.6606299106808,0,0,0,0,0,0,0,0,0,0
89,89,1.13448,396.5926630262314,-12.679714942527614,-306.9846217023675,0,0,0,0,0,0,0,0,0,0
90,90,1.1344999999999998,396.7390905870989,-12.735721846684914,-307.29649426683136,0,0,0,0,0,0,0,0,0,0
91,91,1.13452,396.8868450982092,-12.798142800501942,-307.59623529188025,0,0,0,0,0,0,0,0,0,0
92,92,1.13454,397.03607054645215,-12.866536816911374,-307.88383294424625,0,0,0,0,0,0,0,0,0,0
93,93,1.13456,397.1869005302115,-12.940458993821496,-308.15927587007167,0,0,0,0,0,0,0,0,0,0
94,94,1.13458,397.3403396550074,-12.953255047948211,-308.42255319533655,0,0,0,0,0,0,0,0,0,0
95,95,1.1346,397.4957282101061,-12.90442497845398,-308.6736545263076,0,0,0,0,0,0,0,0,0,0
96,96,1.13462,397.6499539444951,-12.859740550212493,-308.91256994992955,0,0,0,0,0,0,0,0,0,0
97,97,1.13464,397.8022522491166,-12.885107091115447,-309.1392900342331,0,0,0,0,0,0,0,0,0,0
98,98,1.13466,397.955991930352,-12.847575472239882,-309.3538058286993,0,0,0,0,0,0,0,0,0,0
99,99,1.13468,398.10718481563606,-12.879341149809331,-309.55610886460806,0,0,0,0,0,0,0,0,0,0
100,100,1.1347,398.260740463016,-12.847370979671837,-309.7461911553856,0,0,0,0,0,0,0,0,0,0
101,101,1.13472,398.41350881615466,-12.81755327477624,-309.92404519690507,0,0,0,0,0,0,0,0,0,0
102,102,1.13474,398.5646857520196,-12.85591011996306,-310.0896639677952,0,0,0,0,0,0,0,0,0,0
103,103,1.13476,398.7175797819996,-12.829228816245212,-310.2430409297119,0,0,0,0,0,0,0,0,0,0
104,104,1.13478,398.86816208523055,-12.869951240289284,-310.38417002759246,0,0,0,0,0,0,0,0,0,0
105,105,1.1348,399.0212927740018,-12.844784023625705,-310.5130456899044,0,0,0,0,0,0,0,0,0,0
106,106,1.13482,399.17377302525546,-12.819737277562156,-310.62966282885486,0,0,0,0,0,0,0,0,0,0
107,107,1.1348399999999998,399.32475218732617,-12.86095601144488,-310.73401684060013,0,0,0,0,0,0,0,0,0,0
108,108,1.13486,399.4774904101856,-12.834971662711189,-310.8261036054233,0,0,0,0,0,0,0,0,0,0
109,109,1.13488,399.62869411338136,-12.874479384410725,-310.9059194878949,0,0,0,0,0,0,0,0,0,0
110,110,1.1349,399.7816080111394,-12.845910260462905,-310.9734613370219,0,0,0,0,0,0,0,0,0,0
111,111,1.13492,399.9329158164791,-12.882062167068186,-311.0287264863666,0,0,0,0,0,0,0,0,0,0
112,112,1.1349399999999998,400.0858454365031,-12.84926677733475,-311.07171275415624,0,0,0,0,0,0,0,0,0,0
113,113,1.13496,400.23705993478194,-12.880425839192078,-311.1024184433669,0,0,0,0,0,0,0,0,0,0
114,114,1.13498,400.3897680955568,-12.841772647331956,-311.1208423417895,0,0,0,0,0,0,0,0,0,0
115,115,1.135,400.54061543174726,-12.866313841979307,-311.12698372208087,0,0,0,0,0,0,0,0,0,0
116,116,1.13502,400.69193682559785,-12.886950129403909,-311.1208423417896,0,0,0,0,0,0,0,0,0,0
117,117,1.13504,400.8428498447576,-12.903260322229412,-311.1024184433668,0,0,0,0,0,0,0,0,0,0
118,118,1.13506,400.99403403494654,-12.914848307795475,-311.0717127541566,0,0,0,0,0,0,0,0,0,0
119,119,1.13508,401.14701599097214,-12.854460340316969,-311.0287264863671,0,0,0,0,0,0,0,0,0,0
120,120,1.1351,401.2959576882428,-12.922211736310413,-310.97346133702194,0,0,0,0,0,0,0,0,0,0
121,121,1.13512,401.447222510864,-12.917179218679085,-310.9059194878956,0,0,0,0,0,0,0,0,0,0
122,122,1.13514,401.59823799846765,-12.905786565424435,-310.8261036054234,0,0,0,0,0,0,0,0,0,0
123,123,1.13516,401.7488502054994,-12.887633594322036,-310.7340168406011,0,0,0,0,0,0,0,0,0,0
124,124,1.13518,401.89968040132817,-12.86232542332204,-310.62966282885594,0,0,0,0,0,0,0,0,0,0
125,125,1.1352,402.0481317004535,-12.896438994877537,-310.51304568990446,0,0,0,0,0,0,0,0,0,0
126,126,1.13522,402.1972310325522,-12.922639722811637,-310.38417002759377,0,0,0,0,0,0,0,0,0,0
127,127,1.13524,402.3476511572615,-12.8734650036216,-310.243040929712,0,0,0,0,0,0,0,0,0,0
128,128,1.13526,402.4959031351687,-12.882581938793592,-310.08966396779675,0,0,0,0,0,0,0,0,0,0
129,129,1.1352799999999998,402.6442059055146,-12.882575658943123,-309.9240451969067,0,0,0,0,0,0,0,0,0,0
130,130,1.1353,402.79234186253126,-12.873040394635286,-309.7461911553857,0,0,0,0,0,0,0,0,0,0
131,131,1.13532,402.940084085758,-12.853576338371646,-309.55610886461,0,0,0,0,0,0,0,0,0,0
132,132,1.13534,403.0871964856108,-12.823789897441554,-309.3538058286994,0,0,0,0,0,0,0,0,0,0
133,133,1.13536,403.2334339547524,-12.783293942933303,-309.1392900342352,0,0,0,0,0,0,0,0,0,0
134,134,1.13538,403.3785425251692,-12.731708054757778,-308.91256994992966,0,0,0,0,0,0,0,0,0,0
135,135,1.1354,403.5222595308496,-12.66865876253887,-308.67365452630764,0,0,0,0,0,0,0,0,0,0
136,136,1.13542,403.66431377598246,-12.593779782227616,-308.42255319533893,0,0,0,0,0,0,0,0,0,0
137,137,1.13544,403.8030121023056,-12.573996098662032,-308.15927587007184,0,0,0,0,0,0,0,0,0,0
138,138,1.13546,403.9404137175311,-12.609012265011255,-307.88383294424887,0,0,0,0,0,0,0,0,0,0
139,139,1.13548,404.0784217669476,-12.631152935370904,-307.5962352918804,0,0,0,0,0,0,0,0,0,0
140,140,1.1355,404.2167347364985,-12.64000262226776,-307.29649426683426,0,0,0,0,0,0,0,0,0,0
141,141,1.13552,404.3550417530003,-12.635154014905696,-306.98462170237053,0,0,0,0,0,0,0,0,0,0
142,142,1.13554,404.4930227788476,-12.616208229117603,-306.660629910678,0,0,0,0,0,0,0,0,0,0
143,143,1.13556,404.63034881234927,-12.582775052277055,-306.3245316824125,0,0,0,0,0,0,0,0,0,0
144,144,1.13558,404.76507534735856,-12.60191612428222,-305.97634028613857,0,0,0,0,0,0,0,0,0,0
145,145,1.1356,404.9007878100031,-12.605855859193092,-305.61606946787185,0,0,0,0,0,0,0,0,0,0
146,146,1.13562,405.0363602128226,-12.594171308805285,-305.2437334504812,0,0,0,0,0,0,0,0,0,0
147,147,1.13564,405.1698179950312,-12.633980232210275,-304.8593469331514,0,0,0,0,0,0,0,0,0,0
148,148,1.13566,405.3039444184472,-12.65742740160412,-304.46292509081104,0,0,0,0,0,0,0,0,0,0
149,149,1.13568,405.4383627394848,-12.664101253095955,-304.0544835735085,0,0,0,0,0,0,0,0,0,0
150,150,1.1357,405.5726871195514,-12.653600319014734,-303.6340385058229,0,0,0,0,0,0,0,0,0,0
151,151,1.1357199999999998,405.7065228606375,-12.62553346730594,-303.20160648620185,0,0,0,0,0,0,0,0,0,0
152,152,1.13574,405.83946664619486,-12.579520134931007,-302.7572045863172,0,0,0,0,0,0,0,0,0,0
153,153,1.13576,405.97110678715205,-12.515190555138826,-302.30085035040275,0,0,0,0,0,0,0,0,0,0
154,154,1.13578,406.10102347293207,-12.432185978482776,-301.83256179453434,0,0,0,0,0,0,0,0,0,0
155,155,1.1358,406.22878902732725,-12.330158887459351,-301.3523574059506,0,0,0,0,0,0,0,0,0,0
156,156,1.13582,406.3519735807963,-12.34419072292711,-300.86025614229,0,0,0,0,0,0,0,0,0,0
157,157,1.13584,406.4752059314578,-12.338580723695038,-300.3562774308767,0,0,0,0,0,0,0,0,0,0
158,158,1.13586,406.59804128655,-12.31293931280211,-299.8404411679228,0,0,0,0,0,0,0,0,0,0
159,159,1.13588,406.7200264191253,-12.266888693679398,-299.31276771775595,0,0,0,0,0,0,0,0,0,0
160,160,1.1359,406.8391293004756,-12.26785213835487,-298.77327791203,0,0,0,0,0,0,0,0,0,0
161,161,1.13592,406.9571497567739,-12.315531325001182,-298.22199304886885,0,0,0,0,0,0,0,0,0,0
162,162,1.13594,407.07752595765766,-12.27392410060156,-297.658934892065,0,0,0,0,0,0,0,0,0,0
163,163,1.13596,407.1951117795351,-12.278270015064916,-297.0841256701855,0,0,0,0,0,0,0,0,0,0
164,164,1.13598,407.31250378736246,-12.26040076407817,-296.49758807570873,0,0,0,0,0,0,0,0,0,0
165,165,1.136,407.4292065111904,-12.219938530102134,-295.89934526414527,0,0,0,0,0,0,0,0,0,0
166,166,1.13602,407.54471645555486,-12.156518463241364,-295.2894208530862,0,0,0,0,0,0,0,0,0,0
167,167,1.13604,407.65716862358727,-12.137715853925677,-294.66783892131383,0,0,0,0,0,0,0,0,0,0
168,168,1.1360599999999998,407.7689065352949,-12.09529265834116,-294.03462400781314,0,0,0,0,0,0,0,0,0,0
169,169,1.13608,407.8787997310058,-12.096850641520048,-293.38980111081867,0,0,0,0,0,0,0,0,0,0
170,170,1.1361,407.988419736556,-12.074087138499213,-292.73339568684605,0,0,0,0,0,0,0,0,0,0
171,171,1.13612,408.0972320236455,-12.026631737444632,-292.0654336496395,0,0,0,0,0,0,0,0,0,0
172,172,1.13614,408.2046943367287,-11.954127853865211,-291.3859413692269,0,0,0,0,0,0,0,0,0,0
173,173,1.13616,408.307914414377,-11.99230363064016,-290.69494567076293,0,0,0,0,0,0,0,0,0,0
174,174,1.13618,408.4116405758842,-12.004802424328496,-289.992473833606,0,0,0,0,0,0,0,0,0,0
175,175,1.1362,408.51531611537615,-11.991239252518431,-289.2785535901288,0,0,0,0,0,0,0,0,0,0
176,176,1.13622,408.6183764092394,-11.951243370951936,-288.5532131246736,0,0,0,0,0,0,0,0,0,0
177,177,1.13624,408.72024922752576,-11.884458470895408,-287.81648107245303,0,0,0,0,0,0,0,0,0,0
178,178,1.13626,408.8190384868109,-11.858663949808806,-287.06838651837376,0,0,0,0,0,0,0,0,0,0
179,179,1.13628,408.9163510408093,-11.873572399750598,-286.3089589959414,0,0,0,0,0,0,0,0,0,0
180,180,1.1363,409.01364784883486,-11.860706386286571,-285.53822848604733,0,0,0,0,0,0,0,0,0,0
181,181,1.13632,409.11033594635614,-11.819699714814934,-284.75622541580543,0,0,0,0,0,0,0,0,0,0
182,182,1.13634,409.2058149856908,-11.75020117086332,-283.962980657372,0,0,0,0,0,0,0,0,0,0
183,183,1.13636,409.2994775584468,-11.651874701914627,-283.1585255266774,0,0,0,0,0,0,0,0,0,0
184,184,1.13638,409.3892114220701,-11.592614574029527,-282.3428917822475,0,0,0,0,0,0,0,0,0,0
185,185,1.1364,409.47657031138885,-11.572158541284582,-281.51611162389844,0,0,0,0,0,0,0,0,0,0
186,186,1.13642,409.5631574982115,-11.521959874778094,-280.6782176914879,0,0,0,0,0,0,0,0,0,0
187,187,1.13644,409.6470793031682,-11.50993635538192,-279.82924306364845,0,0,0,0,0,0,0,0,0,0
188,188,1.13646,409.7298367617065,-11.53579498268134,-278.9692212564296,0,0,0,0,0,0,0,0,0,0
189,189,1.13648,409.8127782355568,-11.53092226728682,-278.0981862220351,0,0,0,0,0,0,0,0,0,0
190,190,1.1364999999999998,409.895266767745,-11.494958004394926,-277.2161723474291,0,0,0,0,0,0,0,0,0,0
191,191,1.13652,409.97665838311445,-11.427557698095905,-276.32321445300084,0,0,0,0,0,0,0,0,0,0
192,192,1.13654,410.0563024163705,-11.328392729480823,-275.4193477912153,0,0,0,0,0,0,0,0,0,0
193,193,1.13656,410.1320793621151,-11.265489746482446,-274.5046080451641,0,0,0,0,0,0,0,0,0,0
194,194,1.13658,410.2054435381276,-11.23858958181966,-273.5790313272228,0,0,0,0,0,0,0,0,0,0
195,195,1.1366,410.2779021554994,-11.179031857633156,-272.6426541775586,0,0,0,0,0,0,0,0,0,0
196,196,1.13662,410.3470232642287,-11.223242382441112,-271.69551356275497,0,0,0,0,0,0,0,0,0,0
197,197,1.13664,410.41666840881817,-11.234171836007349,-270.73764687429315,0,0,0,0,0,0,0,0,0,0
198,198,1.13666,410.4861682778858,-11.21146292411129,-269.7690919271012,0,0,0,0,0,0,0,0,0,0
199,199,1.13668,410.5548468298397,-11.154774459127896,-268.78988695808744,0,0,0,0,0,0,0,0,0,0
200,200,1.1367,410.6220216190812,-11.063781516715515,-267.80007062456053,0,0,0,0,0,0,0,0,0,0
201,201,1.13672,410.68700412513726,-10.938175585226352,-266.7996820028106,0,0,0,0,0,0,0,0,0,0
202,202,1.13674,410.7476868509058,-10.846107121035244,-265.78876058645864,0,0,0,0,0,0,0,0,0,0
203,203,1.13676,410.8049242550134,-10.855785572307775,-264.7673462849144,0,0,0,0,0,0,0,0,0,0
204,204,1.13678,410.8607909832681,-10.89847650025799,-263.7354794219115,0,0,0,0,0,0,0,0,0,0
205,205,1.1368,410.9171161728319,-10.905397219870306,-262.6932007337592,0,0,0,0,0,0,0,0,0,0
206,206,1.13682,410.9732026716256,-10.876203311838356,-261.64055136785424,0,0,0,0,0,0,0,0,0,0
207,207,1.13684,411.0283470716619,-10.810566715490063,-260.57757288098173,0,0,0,0,0,0,0,0,0,0
208,208,1.13686,411.0818400299979,-10.7081758704765,-259.50430723770245,0,0,0,0,0,0,0,0,0,0
209,209,1.13688,411.13296659224727,-10.568735851514642,-258.4207968087257,0,0,0,0,0,0,0,0,0,0
210,210,1.1369,411.17849992110087,-10.528999982430843,-257.3270843691684,0,0,0,0,0,0,0,0,0,0
211,211,1.13692,411.2228185877837,-10.520224773716624,-256.2232130969446,0,0,0,0,0,0,0,0,0,0
212,212,1.1369399999999998,411.26544911804166,-10.542100633386449,-255.1092265709923,0,0,0,0,0,0,0,0,0,0
213,213,1.13696,411.30811411081936,-10.525792571749136,-253.98516876958172,0,0,0,0,0,0,0,0,0,0
214,214,1.13698,411.3500932115609,-10.470977196118096,-252.8510840686108,0,0,0,0,0,0,0,0,0,0
215,215,1.137,411.39066041841073,-10.377347585746854,-251.70701723978075,0,0,0,0,0,0,0,0,0,0
216,216,1.13702,411.4290843949488,-10.244613416383118,-250.553013448912,0,0,0,0,0,0,0,0,0,0
217,217,1.13704,411.4635418227136,-10.141065735385077,-249.38911825407712,0,0,0,0,0,0,0,0,0,0
218,218,1.13706,411.493189233827,-10.20359835083217,-248.2153776038868,0,0,0,0,0,0,0,0,0,0
219,219,1.13708,411.52359760970376,-10.226235295188587,-247.0318378356016,0,0,0,0,0,0,0,0,0,0
220,220,1.1371,411.55403839384,-10.208648106412356,-245.8385456733341,0,0,0,0,0,0,0,0,0,0
221,221,1.13712,411.5837774822118,-10.150524556170112,-244.63554822623723,0,0,0,0,0,0,0,0,0,0
222,222,1.13714,411.6120755215706,-10.051568768438235,-243.42289298656863,0,0,0,0,0,0,0,0,0,0
223,223,1.13716,411.638188209718,-9.911501332040258,-242.20062782790268,0,0,0,0,0,0,0,0,0,0
224,224,1.13718,411.6603226437954,-9.798657416458818,-240.9688010031641,0,0,0,0,0,0,0,0,0,0
225,225,1.1372,411.67762411678206,-9.849998943189094,-239.72746114275537,0,0,0,0,0,0,0,0,0,0
226,226,1.13722,411.6954510242247,-9.859459492674429,-238.47665725267112,0,0,0,0,0,0,0,0,0,0
227,227,1.13724,411.7130644336768,-9.82672728011187,-237.21643871248463,0,0,0,0,0,0,0,0,0,0
228,228,1.13726,411.7297203545224,-9.751506550795105,-235.9468552734888,0,0,0,0,0,0,0,0,0,0
229,229,1.1372799999999998,411.7446700225081,-9.633517685263008,-234.6679570566526,0,0,0,0,0,0,0,0,0,0
230,230,1.1373,411.7571601859764,-9.472497298850378,-233.3797945506644,0,0,0,0,0,0,0,0,0,0
231,231,1.13732,411.7637854659728,-9.47404538238175,-232.08241861003253,0,0,0,0,0,0,0,0,0,0
232,232,1.13734,411.7693824599239,-9.500692996497255,-230.77588045286743,0,0,0,0,0,0,0,0,0,0
233,233,1.13736,411.7750552467687,-9.483530214990868,-229.46023165911728,0,0,0,0,0,0,0,0,0,0
234,234,1.13738,411.78005797972327,-9.422266200216848,-228.13552416830808,0,0,0,0,0,0,0,0,0,0
235,235,1.1374,411.78364029352736,-9.316625858382336,-226.80181027764732,0,0,0,0,0,0,0,0,0,0
236,236,1.13742,411.7850475740569,-9.166349930948542,-225.45914263986384,0,0,0,0,0,0,0,0,0,0
237,237,1.13744,411.78218273480735,-9.108435386297074,-224.10757426116456,0,0,0,0,0,0,0,0,0,0
238,238,1.13746,411.7761085463858,-9.142632716390125,-222.74715849917936,0,0,0,0,0,0,0,0,0,0
239,239,1.13748,411.7702220149896,-9.131440809049732,-221.3779490607685,0,0,0,0,0,0,0,0,0,0
240,240,1.1375,411.7637781297787,-9.07457774329572,-220.00000000000088,0,0,0,0,0,0,0,0,0,0
241,241,1.13752,411.7560276748452,-8.97177689618178,-218.61336571593367,0,0,0,0,0,0,0,0,0,0
242,242,1.13754,411.74621748176776,-8.822787025328628,-217.2181009505015,0,0,0,0,0,0,0,0,0,0
243,243,1.13756,411.73231571185215,-8.764597313214791,-215.81426078639336,0,0,0,0,0,0,0,0,0,0
244,244,1.13758,411.7153011679234,-8.796956364718026,-214.40190064478983,0,0,0,0,0,0,0,0,0,0
245,245,1.1376,411.6984300715831,-8.782386597209651,-212.9810762832765,0,0,0,0,0,0,0,0,0,0
246,246,1.13762,411.6809608593648,-8.720618268462811,-211.5518437935536,0,0,0,0,0,0,0,0,0,0
247,247,1.13764,411.6621481156311,-8.611396440980934,-210.11425959925955,0,0,0,0,0,0,0,0,0,0
248,248,1.13766,411.64124280786257,-8.45448105538391,-208.6683804537828,0,0,0,0,0,0,0,0,0,0
249,249,1.13768,411.61515137873056,-8.455424877835151,-207.21426343793007,0,0,0,0,0,0,0,0,0,0
250,250,1.1377,411.5880929641828,-8.476795988528401,-205.75196595777768,0,0,0,0,0,0,0,0,0,0
251,251,1.1377199999999998,411.56099830153687,-8.449738931694338,-204.2815457423131,0,0,0,0,0,0,0,0,0,0
252,252,1.13774,411.533131813655,-8.373998737285918,-202.8030608411953,0,0,0,0,0,0,0,0,0,0
253,253,1.13776,411.50375444768366,-8.249334705751373,-201.3165696225034,0,0,0,0,0,0,0,0,0,0
254,254,1.13778,411.471281717094,-8.14408962687121,-199.82213077033845,0,0,0,0,0,0,0,0,0,0
255,255,1.1378,411.435442787531,-8.126596807565294,-198.3198032826145,0,0,0,0,0,0,0,0,0,0
256,256,1.13782,411.3983919956423,-8.128044735130981,-196.80964646860755,0,0,0,0,0,0,0,0,0,0
257,257,1.13784,411.3610099373097,-8.079622896842698,-195.2917199467912,0,0,0,0,0,0,0,0,0,0
258,258,1.13786,411.3225697278352,-7.981093075812986,-193.76608364225072,0,0,0,0,0,0,0,0,0,0
259,259,1.13788,411.2823413931848,-7.83223075298149,-192.2327977844809,0,0,0,0,0,0,0,0,0,0
260,260,1.1379,411.23775016182447,-7.769884522092636,-190.69192290503764,0,0,0,0,0,0,0,0,0,0
261,261,1.13792,411.1910325670815,-7.7938225560960515,-189.1435198349809,0,0,0,0,0,0,0,0,0,0
262,262,1.13794,411.1443067317168,-7.766738194638271,-187.5876497026408,0,0,0,0,0,0,0,0,0,0
263,263,1.13796,411.09685991257146,-7.688398350139811,-186.0243739310919,0,0,0,0,0,0,0,0,0,0
264,264,1.13798,411.04797647893866,-7.558582979220869,-184.4537542357708,0,0,0,0,0,0,0,0,0,0
265,265,1.138,410.9969380958103,-7.3770851329253535,-182.8758526220821,0,0,0,0,0,0,0,0,0,0
266,266,1.13802,410.940466266526,-7.417640455398804,-181.2907313828512,0,0,0,0,0,0,0,0,0,0
267,267,1.13804,410.88420467878126,-7.406061988757096,-179.69845309597915,0,0,0,0,0,0,0,0,0,0
268,268,1.1380599999999998,410.8274567287744,-7.342123985574756,-178.0990806218719,0,0,0,0,0,0,0,0,0,0
269,269,1.13808,410.76952314975983,-7.225613076021721,-176.49267710100173,0,0,0,0,0,0,0,0,0,0
270,270,1.1381,410.7097021783588,-7.0563283126801,-174.879305951458,0,0,0,0,0,0,0,0,0,0
271,271,1.13812,410.64483799595695,-7.107815513687793,-173.25903086634202,0,0,0,0,0,0,0,0,0,0
272,272,1.13814,410.5803103458501,-7.10607939636699,-171.6319158113691,0,0,0,0,0,0,0,0,0,0
273,273,1.1381599999999998,410.5154404308115,-7.050903379284956,-169.9980250222409,0,0,0,0,0,0,0,0,0,0
274,274,1.13818,410.449547029352,-6.942082587713537,-168.35742300215327,0,0,0,0,0,0,0,0,0,0
275,275,1.1382,410.3819466458567,-6.779423893125298,-166.7101745192944,0,0,0,0,0,0,0,0,0,0
276,276,1.13822,410.30985781613606,-6.767878374740199,-165.05634460418418,0,0,0,0,0,0,0,0,0,0
277,277,1.13824,410.2370477692208,-6.770447476898108,-163.39599854722567,0,0,0,0,0,0,0,0,0,0
278,278,1.13826,410.1639614503342,-6.71854074575336,-161.72920189600825,0,0,0,0,0,0,0,0,0,0
279,279,1.13828,410.0899375642644,-6.611963261822515,-160.0560204528398,0,0,0,0,0,0,0,0,0,0
280,280,1.1383,410.0143127712576,-6.450531172168524,-158.3765202720437,0,0,0,0,0,0,0,0,0,0
281,281,1.13832,409.9349163678979,-6.370700866434,-156.69076765739612,0,0,0,0,0,0,0,0,0,0
282,282,1.13834,409.85355643858094,-6.372245304870954,-154.99882915955422,0,0,0,0,0,0,0,0,0,0
283,283,1.13836,409.77192065721806,-6.318326551731561,-153.30077157332232,0,0,0,0,0,0,0,0,0,0
284,284,1.13838,409.6893694949089,-6.208760777670029,-151.596661935137,0,0,0,0,0,0,0,0,0,0
285,285,1.1384,409.60526160851504,-6.043374541113309,-149.88656752031363,0,0,0,0,0,0,0,0,0,0
286,286,1.13842,409.51709217692616,-6.026744012794088,-148.17055584043595,0,0,0,0,0,0,0,0,0,0
287,287,1.13844,409.42823077974094,-6.022134229920641,-146.44869464073787,0,0,0,0,0,0,0,0,0,0
288,288,1.13846,409.3390396259406,-5.961107111866084,-144.72105189730445,0,0,0,0,0,0,0,0,0,0
289,289,1.13848,409.2489025303542,-5.843490782994737,-142.9876958145755,0,0,0,0,0,0,0,0,0,0
290,290,1.1384999999999998,409.1564036252936,-5.737307290841336,-141.24869482246572,0,0,0,0,0,0,0,0,0,0
291,291,1.13852,409.0620588528408,-5.642367797682878,-139.50411757369358,0,0,0,0,0,0,0,0,0,0
292,292,1.13854,408.96568636236015,-5.626631582328019,-137.75403294126053,0,0,0,0,0,0,0,0,0,0
293,293,1.13856,408.8688872805177,-5.553572116475032,-135.99851001546375,0,0,0,0,0,0,0,0,0,0
294,294,1.13858,408.7710704311692,-5.423030089991112,-134.23761810137424,0,0,0,0,0,0,0,0,0,0
295,295,1.1386,408.67048949055993,-5.3710668704027205,-132.47142671595773,0,0,0,0,0,0,0,0,0,0
296,296,1.13862,408.5686124691241,-5.32936100250912,-130.7000055854579,0,0,0,0,0,0,0,0,0,0
297,297,1.13864,408.4658824600645,-5.297719427589445,-128.9234246425318,0,0,0,0,0,0,0,0,0,0
298,298,1.13866,408.36259646782105,-5.207885368935167,-127.14175402353705,0,0,0,0,0,0,0,0,0,0
299,299,1.13868,408.25818978548966,-5.05971249032,-125.35506406581108,0,0,0,0,0,0,0,0,0,0
300,300,1.1387,408.15102186894313,-4.989102357138737,-123.56342530478187,0,0,0,0,0,0,0,0,0,0
301,301,1.13872,408.0424750401649,-4.927826473006292,-121.76690847131232,0,0,0,0,0,0,0,0,0,0
302,302,1.13874,407.93296108616,-4.8757016001428735,-119.96558448879472,0,0,0,0,0,0,0,0,0,0
303,303,1.13876,407.82274036608607,-4.764570622952797,-118.15952447039916,0,0,0,0,0,0,0,0,0,0
304,304,1.13878,407.7102498432005,-4.730193621537385,-116.34879971631536,0,0,0,0,0,0,0,0,0,0
305,305,1.1388,407.597236049097,-4.636486972814834,-114.53348171082344,0,0,0,0,0,0,0,0,0,0
306,306,1.13882,407.4825800180672,-4.619142647877459,-112.71364211960272,0,0,0,0,0,0,0,0,0,0
307,307,1.13884,407.3675606804397,-4.5421452750395375,-110.88935278678782,0,0,0,0,0,0,0,0,0,0
308,308,1.13886,407.25103890171056,-4.473236257118173,-109.06068573218135,0,0,0,0,0,0,0,0,0,0
309,309,1.13888,407.1333829666116,-4.412247496689675,-107.22771314846057,0,0,0,0,0,0,0,0,0,0
310,310,1.1389,407.01502359149305,-4.291172673299396,-105.3905073982113,0,0,0,0,0,0,0,0,0,0
311,311,1.13892,406.8950708775331,-4.1777074220999175,-103.54914101120406,0,0,0,0,0,0,0,0,0,0
312,312,1.1389399999999998,406.77329403547407,-4.139478606955732,-101.70368668141424,0,0,0,0,0,0,0,0,0,0
313,313,1.13896,406.6507016571249,-4.108493851478464,-99.8542172642021,0,0,0,0,0,0,0,0,0,0
314,314,1.13898,406.527687760535,-4.016832510571316,-98.000805773487,0,0,0,0,0,0,0,0,0,0
315,315,1.139,406.4037924950108,-3.8643850119154,-96.14352537873056,0,0,0,0,0,0,0,0,0,0
316,316,1.13902,406.2775439921679,-3.854178225799033,-94.28244940226672,0,0,0,0,0,0,0,0,0,0
317,317,1.13904,406.15073587366567,-3.850562771607031,-92.41765131608732,0,0,0,0,0,0,0,0,0,0
318,318,1.13906,406.0237336192454,-3.7857077533004255,-90.54920473931206,0,0,0,0,0,0,0,0,0,0
319,319,1.13908,405.89611019798656,-3.6595116396702574,-88.6771834349788,0,0,0,0,0,0,0,0,0,0
320,320,1.1391,405.7674380534028,-3.4718786619026347,-86.80166130726623,0,0,0,0,0,0,0,0,0,0
321,321,1.13912,405.636122800945,-3.4931342780709054,-84.92271239861049,0,0,0,0,0,0,0,0,0,0
322,322,1.13914,405.50479229980704,-3.4526236803802703,-83.04041088666318,0,0,0,0,0,0,0,0,0,0
323,323,1.13916,405.37305326804017,-3.3502541138134623,-81.15483108149908,0,0,0,0,0,0,0,0,0,0
324,324,1.13918,405.2405119993632,-3.185938080732912,-79.26604742256323,0,0,0,0,0,0,0,0,0,0
325,325,1.1392,405.10579879008895,-3.1621382678278254,-77.37413447578326,0,0,0,0,0,0,0,0,0,0
326,326,1.13922,404.9707088771944,-3.143610368436474,-75.47916693067705,0,0,0,0,0,0,0,0,0,0
327,327,1.13924,404.83538016072765,-3.062736504285033,-73.5812195972843,0,0,0,0,0,0,0,0,0,0
328,328,1.13926,404.6994536030136,-2.919438090809164,-71.68036740335023,0,0,0,0,0,0,0,0,0,0
329,329,1.1392799999999998,404.56193824925833,-2.848489941286315,-69.77668539124755,0,0,0,0,0,0,0,0,0,0
330,330,1.1393,404.4236586195551,-2.7822962742495725,-67.87024871506523,0,0,0,0,0,0,0,0,0,0
331,331,1.13932,404.2848306922785,-2.7207264032539418,-65.96113263769337,0,0,0,0,0,0,0,0,0,0
332,332,1.13934,404.14557232857806,-2.5962891468940152,-64.04941252773122,0,0,0,0,0,0,0,0,0,0
333,333,1.13936,404.0049943478559,-2.543583439310257,-62.135163856649946,0,0,0,0,0,0,0,0,0,0
334,334,1.13938,403.864061238244,-2.427802482001685,-60.218462195674725,0,0,0,0,0,0,0,0,0,0
335,335,1.1394,403.7221904363022,-2.383460662339244,-58.29938321293989,0,0,0,0,0,0,0,0,0,0
336,336,1.13942,403.5800239486071,-2.2758424145149743,-56.37800267038036,0,0,0,0,0,0,0,0,0,0
337,337,1.13944,403.43677551435206,-2.23936748765538,-54.45439642079262,0,0,0,0,0,0,0,0,0,0
338,338,1.13946,403.2932920178104,-2.1394247889637947,-52.52864040489245,0,0,0,0,0,0,0,0,0,0
339,339,1.13948,403.14912029210814,-2.0431546574447634,-50.60081064819512,0,0,0,0,0,0,0,0,0,0
340,340,1.1395,403.00443157576245,-1.9504459781952088,-48.67098325815328,0,0,0,0,0,0,0,0,0,0
341,341,1.13952,402.8588735934377,-1.9283246073505,-46.739234421030496,0,0,0,0,0,0,0,0,0,0
342,342,1.13954,402.71317428790974,-1.8423789209695467,-44.80564039894569,0,0,0,0,0,0,0,0,0,0
343,343,1.13956,402.5671015937469,-1.6925684421569267,-42.870277526914975,0,0,0,0,0,0,0,0,0,0
344,344,1.13958,402.4200155736651,-1.6800658263671069,-40.93322220969812,0,0,0,0,0,0,0,0,0,0
345,345,1.1396,402.2727010598375,-1.670541134428237,-38.99455091900992,0,0,0,0,0,0,0,0,0,0
346,346,1.13962,402.1253163063966,-1.5968717797566867,-37.05434019020328,0,0,0,0,0,0,0,0,0,0
347,347,1.13964,401.97766695251255,-1.4590275302596272,-35.11266661945799,0,0,0,0,0,0,0,0,0,0
348,348,1.13966,401.8293668710693,-1.3239508995670095,-33.169606860792214,0,0,0,0,0,0,0,0,0,0
349,349,1.13968,401.6804085230344,-1.3254476320755944,-31.22523762282545,0,0,0,0,0,0,0,0,0,0
350,350,1.1397,401.5314321341722,-1.2625179247912972,-29.279635665961106,0,0,0,0,0,0,0,0,0,0
351,351,1.1397199999999998,401.38228153110526,-1.1351419839969268,-27.33287779921544,0,0,0,0,0,0,0,0,0,0
352,352,1.13974,401.23265480987857,-1.0101735698664005,-25.38504087723803,0,0,0,0,0,0,0,0,0,0
353,353,1.13976,401.08258410278495,-0.954378845330854,-23.43620179733056,0,0,0,0,0,0,0,0,0,0
354,354,1.13978,400.9323814039718,-0.9007846620714816,-21.486437496287703,0,0,0,0,0,0,0,0,0,0
355,355,1.1398,400.7820793713617,-0.7825113926254152,-19.535824947500807,0,0,0,0,0,0,0,0,0,0
356,356,1.13982,400.631406463214,-0.7330963365570957,-17.584441157778027,0,0,0,0,0,0,0,0,0,0
357,357,1.13984,400.4806713704809,-0.6189004853781499,-15.632363164445376,0,0,0,0,0,0,0,0,0,0
358,358,1.13986,400.32973912549136,-0.5066453708528631,-13.679668032181892,0,0,0,0,0,0,0,0,0,0
359,359,1.13988,400.17861525878817,-0.4629590382256593,-11.726432850030172,0,0,0,0,0,0,0,0,0,0
360,360,1.1399,400.0274403141441,-0.4210302184910004,-9.772734728406071,0,0,0,0,0,0,0,0,0,0
361,361,1.13992,399.87625977495935,-0.3141467674121759,-7.818650795930826,0,0,0,0,0,0,0,0,0,0
362,362,1.13994,399.72500378274447,-0.2089403506774146,-5.864258196527506,0,0,0,0,0,0,0,0,0,0
363,363,1.13996,399.5736782872369,-0.2385453826514413,-3.909634086251809,0,0,0,0,0,0,0,0,0,0
364,364,1.13998,399.4224140926816,-0.2030449495479407,-1.954855630299068,0,0,0,0,0,0,0,0,0,0
365,365,1.14,399.2711914537997,-0.1024566575173306,-1.09757061235575e-11,0,0,0,0,0,0,0,0,0,0
366,366,1.14002,399.1199635580229,-0.136364892507044,1.9548556302948017,0,0,0,0,0,0,0,0,0,0
367,367,1.14004,398.9687619542132,-0.1715841776880544,3.9096340862298575,0,0,0,0,0,0,0,0,0,0
368,368,1.14006,398.8176168711492,-0.1415952684147247,5.864258196505559,0,0,0,0,0,0,0,0,0,0
369,369,1.14008,398.6665480395101,-0.0464265664961898,7.818650795926561,0,0,0,0,0,0,0,0,0,0
370,370,1.1401,398.51557303317605,0.1138921688912503,9.772734728384137,0,0,0,0,0,0,0,0,0,0
371,371,1.14012,398.36471583115696,0.3393264535653415,11.72643285002591,0,0,0,0,0,0,0,0,0,0
372,372,1.14014,398.21399397140215,0.6298416389650133,13.679668032159965,0,0,0,0,0,0,0,0,0,0
373,373,1.1401599999999998,398.0637929164741,0.7200217884143513,15.632363164423452,0,0,0,0,0,0,0,0,0,0
374,374,1.14018,397.9137604907094,0.8753921276878937,17.584441157791424,0,0,0,0,0,0,0,0,0,0
375,375,1.1402,397.7641708799114,0.9633208446659796,19.5358249474789,0,0,0,0,0,0,0,0,0,0
376,376,1.14022,397.61492263486144,1.0501754700384134,21.486437496301093,0,0,0,0,0,0,0,0,0,0
377,377,1.14024,397.4659888872857,1.1359768256097842,23.436201797326305,0,0,0,0,0,0,0,0,0,0
378,378,1.14026,397.3175328674228,1.154526160516257,25.3850408772514,0,0,0,0,0,0,0,0,0,0
379,379,1.14028,397.1692260867635,1.2383010548333704,27.33287779921119,0,0,0,0,0,0,0,0,0,0
380,380,1.1403,397.0213580680372,1.321076946039644,29.279635665956853,0,0,0,0,0,0,0,0,0,0
381,381,1.14032,396.874046262866,1.3367186372626956,31.2252376228388,0,0,0,0,0,0,0,0,0,0
382,382,1.14034,396.7269865912668,1.3514242193161556,33.169606860787965,0,0,0,0,0,0,0,0,0,0
383,383,1.14036,396.5800972518396,1.4312979530811716,35.11266661947132,0,0,0,0,0,0,0,0,0,0
384,384,1.14038,396.43353605475454,1.5762742710251243,37.054340190181485,0,0,0,0,0,0,0,0,0,0
385,385,1.1404,396.2878840174385,1.654191920981963,38.99455091898814,0,0,0,0,0,0,0,0,0,0
386,386,1.14042,396.142813228546,1.6651115087328237,40.93322220971142,0,0,0,0,0,0,0,0,0,0
387,387,1.14044,395.9979290556099,1.74109701563748,42.87027752689323,0,0,0,0,0,0,0,0,0,0
388,388,1.14046,395.8534284464218,1.882072842314167,44.80564039894148,0,0,0,0,0,0,0,0,0,0
389,389,1.14048,395.70975427141934,2.0220104906794343,46.7392344210088,0,0,0,0,0,0,0,0,0,0
390,390,1.1404999999999998,395.5672346524013,2.029039048688636,48.67098325813159,0,0,0,0,0,0,0,0,0,0
391,391,1.14052,395.42491260615134,2.100985582000406,50.60081064819089,0,0,0,0,0,0,0,0,0,0
392,392,1.14054,395.28302392401366,2.237764480267669,52.52864040487081,0,0,0,0,0,0,0,0,0,0
393,393,1.14056,395.1422336906624,2.3075745434213246,54.45439642078842,0,0,0,0,0,0,0,0,0,0
394,394,1.14058,395.0023552257326,2.3104555334833323,56.378002670358775,0,0,0,0,0,0,0,0,0,0
395,395,1.1406,394.8626792698641,2.3780621198113074,58.2993832129357,0,0,0,0,0,0,0,0,0,0
396,396,1.14062,394.7234800865284,2.510298721485849,60.21846219567056,0,0,0,0,0,0,0,0,0,0
397,397,1.14064,394.58549788193136,2.575539929152491,62.135163856628445,0,0,0,0,0,0,0,0,0,0
398,398,1.14066,394.4480103406461,2.7052916555476965,64.04941252772704,0,0,0,0,0,0,0,0,0,0
399,399,1.14068,394.3118634479962,2.768015923154004,65.96113263767191,0,0,0,0,0,0,0,0,0,0
400,400,1.1407,394.17656210046056,2.8294260582998763,67.87024871506107,0,0,0,0,0,0,0,0,0,0
401,401,1.1407094651659584,394.17656210046056,2.8294260582998763,67.87024871506107,0,0,0,0,0,0,0,0,0,0
